65 77 110 250 242 208 1 42 8 21 49 2 241 42 82 30 146 127 172 24 
65 110 250 242 208 1 44 41 74 49 2 241 10 82 10 146 47 172 5 253 
0 0 0 0 0 0 0 0 0 0 0 0 0 0 0 0 0 0 0 0 
0 0 0 0 0 0 0 0 0 0 0 0 0 0 0 0 0 0 0 0 
74 78 110 250 242 208 1 44 8 4 49 2 238 10 82 29 146 127 232 79 
0 0 0 0 0 0 0 0 0 0 0 0 0 0 0 0 0 0 0 0 
0 0 0 0 0 0 0 0 0 0 0 0 0 0 0 0 0 0 0 0 
0 0 0 0 0 0 0 0 0 0 0 0 0 0 0 0 0 0 0 0 
65 78 110 250 242 208 1 44 8 3 165 2 241 10 82 42 146 127 137 79 
0 0 0 0 0 0 0 0 0 0 0 0 0 0 0 0 0 0 0 0 
74 78 110 250 242 208 1 44 8 74 49 2 238 10 82 10 146 127 232 79 
0 0 0 0 0 0 0 0 0 0 0 0 0 0 0 0 0 0 0 0 
0 0 0 0 0 0 0 0 0 0 0 0 0 0 0 0 0 0 0 0 
65 78 110 250 242 208 1 44 8 3 107 2 241 10 82 42 146 127 137 79 
0 0 0 0 0 0 0 0 0 0 0 0 0 0 0 0 0 0 0 0 
65 77 110 250 242 208 1 42 8 21 165 2 241 42 82 30 146 127 137 24 
18 77 110 250 10 208 1 42 27 21 165 105 238 42 82 30 146 127 137 24 
0 0 0 0 0 0 0 0 0 0 0 0 0 0 0 0 0 0 0 0 
57 77 110 250 242 208 1 42 25 74 49 255 248 42 82 10 146 146 232 24 
74 78 110 250 242 208 1 45 8 47 107 2 238 10 82 29 146 127 62 79 
65 77 110 250 242 208 1 42 8 74 49 255 241 42 82 10 146 146 232 24 
0 0 0 0 0 0 0 0 0 0 0 0 0 0 0 0 0 0 0 0 
64 78 110 250 242 208 1 44 8 21 49 240 239 10 82 30 146 127 184 79 
74 78 110 250 242 208 1 44 8 4 49 2 238 10 82 29 146 127 232 79 
0 0 0 0 0 0 0 0 0 0 0 0 0 0 0 0 0 0 0 0 
57 78 33 250 242 208 1 44 25 4 49 1 248 10 217 29 146 136 232 79 
0 0 0 0 0 0 0 0 0 0 0 0 0 0 0 0 0 0 0 0 
63 77 110 250 242 208 1 42 8 74 49 255 238 42 82 10 146 146 232 24 
0 0 0 0 0 0 0 0 0 0 0 0 0 0 0 0 0 0 0 0 
0 0 0 0 0 0 0 0 0 0 0 0 0 0 0 0 0 0 0 0 
0 0 0 0 0 0 0 0 0 0 0 0 0 0 0 0 0 0 0 0 
63 78 110 250 242 208 1 44 8 74 49 240 238 10 82 10 146 127 232 79 
63 78 33 250 242 208 1 44 8 4 49 1 238 10 217 29 146 136 232 79 
0 0 0 0 0 0 0 0 0 0 0 0 0 0 0 0 0 0 0 0 
0 0 0 0 0 0 0 0 0 0 0 0 0 0 0 0 0 0 0 0 
0 0 0 0 0 0 0 0 0 0 0 0 0 0 0 0 0 0 0 0 
0 0 0 0 0 0 0 0 0 0 0 0 0 0 0 0 0 0 0 0 
0 0 0 0 0 0 0 0 0 0 0 0 0 0 0 0 0 0 0 0 
0 0 0 0 0 0 0 0 0 0 0 0 0 0 0 0 0 0 0 0 
0 0 0 0 0 0 0 0 0 0 0 0 0 0 0 0 0 0 0 0 
65 78 110 250 242 208 1 44 8 21 49 240 241 10 82 30 146 127 137 79 
0 0 0 0 0 0 0 0 0 0 0 0 0 0 0 0 0 0 0 0 
0 0 0 0 0 0 0 0 0 0 0 0 0 0 0 0 0 0 0 0 
0 0 0 0 0 0 0 0 0 0 0 0 0 0 0 0 0 0 0 0 
0 0 0 0 0 0 0 0 0 0 0 0 0 0 0 0 0 0 0 0 
0 0 0 0 0 0 0 0 0 0 0 0 0 0 0 0 0 0 0 0 
0 0 0 0 0 0 0 0 0 0 0 0 0 0 0 0 0 0 0 0 
0 0 0 0 0 0 0 0 0 0 0 0 0 0 0 0 0 0 0 0 
0 0 0 0 0 0 0 0 0 0 0 0 0 0 0 0 0 0 0 0 
0 0 0 0 0 0 0 0 0 0 0 0 0 0 0 0 0 0 0 0 
0 0 0 0 0 0 0 0 0 0 0 0 0 0 0 0 0 0 0 0 
57 78 245 250 234 187 1 44 47 3 16 85 248 10 102 48 116 131 232 79 
0 0 0 0 0 0 0 0 0 0 0 0 0 0 0 0 0 0 0 0 
0 0 0 0 0 0 0 0 0 0 0 0 0 0 0 0 0 0 0 0 
58 59 110 250 242 208 215 42 8 4 1 2 20 42 82 22 146 201 232 24 
0 0 0 0 0 0 0 0 0 0 0 0 0 0 0 0 0 0 0 0 
57 22 110 250 242 208 245 42 8 49 255 29 42 82 4 146 146 232 24 180 
0 0 0 0 0 0 0 0 0 0 0 0 0 0 0 0 0 0 0 0 
57 78 150 250 242 187 1 44 81 3 49 85 248 10 102 42 146 131 232 79 
0 0 0 0 0 0 0 0 0 0 0 0 0 0 0 0 0 0 0 0 
57 78 150 250 234 187 1 44 81 3 16 85 248 10 102 55 116 131 232 79 
0 0 0 0 0 0 0 0 0 0 0 0 0 0 0 0 0 0 0 0 
57 78 110 250 242 208 1 44 19 3 49 2 248 10 82 55 146 131 232 79 
0 0 0 0 0 0 0 0 0 0 0 0 0 0 0 0 0 0 0 0 
0 0 0 0 0 0 0 0 0 0 0 0 0 0 0 0 0 0 0 0 
0 0 0 0 0 0 0 0 0 0 0 0 0 0 0 0 0 0 0 0 
0 0 0 0 0 0 0 0 0 0 0 0 0 0 0 0 0 0 0 0 
0 0 0 0 0 0 0 0 0 0 0 0 0 0 0 0 0 0 0 0 
57 78 110 250 242 208 1 44 19 3 49 2 248 10 82 55 146 131 232 79 
0 0 0 0 0 0 0 0 0 0 0 0 0 0 0 0 0 0 0 0 
57 78 110 250 242 208 1 44 19 3 49 2 248 10 82 55 146 131 232 79 
0 0 0 0 0 0 0 0 0 0 0 0 0 0 0 0 0 0 0 0 
254 78 150 251 234 187 1 44 81 4 16 85 6 10 102 29 116 131 216 79 
0 0 0 0 0 0 0 0 0 0 0 0 0 0 0 0 0 0 0 0 
0 0 0 0 0 0 0 0 0 0 0 0 0 0 0 0 0 0 0 0 
83 78 150 250 242 204 1 44 28 5 49 40 6 10 102 83 146 113 253 79 
0 0 0 0 0 0 0 0 0 0 0 0 0 0 0 0 0 0 0 0 
109 78 150 250 234 204 1 44 28 7 16 40 19 10 102 124 116 113 20 123 
0 0 0 0 0 0 0 0 0 0 0 0 0 0 0 0 0 0 0 0 
109 78 150 250 234 204 1 44 28 7 16 40 139 10 102 85 116 113 9 123 
0 0 0 0 0 0 0 0 0 0 0 0 0 0 0 0 0 0 0 0 
83 78 150 250 234 195 1 44 54 5 16 62 6 10 102 83 116 122 253 79 
57 78 33 251 242 187 1 44 25 4 49 85 248 10 217 29 146 131 232 79 
0 0 0 0 0 0 0 0 0 0 0 0 0 0 0 0 0 0 0 0 
0 0 0 0 0 0 0 0 0 0 0 0 0 0 0 0 0 0 0 0 
109 78 150 250 241 204 1 44 24 7 16 40 19 10 102 124 94 113 20 123 
0 0 0 0 0 0 0 0 0 0 0 0 0 0 0 0 0 0 0 0 
0 0 0 0 0 0 0 0 0 0 0 0 0 0 0 0 0 0 0 0 
57 85 190 250 241 155 1 236 24 3 239 245 248 235 123 55 94 77 232 75 
0 0 0 0 0 0 0 0 0 0 0 0 0 0 0 0 0 0 0 0 
29 109 150 250 234 155 1 236 28 8 16 245 139 235 102 209 116 77 9 75 
0 0 0 0 0 0 0 0 0 0 0 0 0 0 0 0 0 0 0 0 
0 0 0 0 0 0 0 0 0 0 0 0 0 0 0 0 0 0 0 0 
0 0 0 0 0 0 0 0 0 0 0 0 0 0 0 0 0 0 0 0 
109 78 150 250 234 204 1 44 28 7 16 40 19 10 102 124 116 113 20 123 
0 0 0 0 0 0 0 0 0 0 0 0 0 0 0 0 0 0 0 0 
0 0 0 0 0 0 0 0 0 0 0 0 0 0 0 0 0 0 0 0 
203 85 190 250 241 155 1 236 24 8 239 245 19 235 123 209 94 77 63 75 
0 0 0 0 0 0 0 0 0 0 0 0 0 0 0 0 0 0 0 0 
0 0 0 0 0 0 0 0 0 0 0 0 0 0 0 0 0 0 0 0 
58 85 190 250 241 155 1 236 24 8 239 245 19 235 123 209 94 77 63 39 
57 81 190 250 242 171 1 12 25 6 239 37 248 250 123 246 146 104 63 59 
0 0 0 0 0 0 0 0 0 0 0 0 0 0 0 0 0 0 0 0 
0 0 0 0 0 0 0 0 0 0 0 0 0 0 0 0 0 0 0 0 
58 85 190 250 241 155 1 236 24 8 239 245 19 235 123 209 94 77 63 57 
0 0 0 0 0 0 0 0 0 0 0 0 0 0 0 0 0 0 0 0 
0 0 0 0 0 0 0 0 0 0 0 0 0 0 0 0 0 0 0 0 
109 85 190 250 241 155 1 236 24 8 239 245 19 235 123 209 94 77 63 75 
0 0 0 0 0 0 0 0 0 0 0 0 0 0 0 0 0 0 0 0 
203 97 190 250 241 198 1 236 24 50 239 2 19 235 123 2 94 77 63 75 
109 85 190 250 241 205 1 236 24 8 239 245 19 235 123 209 94 77 63 75 
57 85 190 250 241 155 1 236 24 5 239 245 248 235 123 4 94 77 63 66 
0 0 0 0 0 0 0 0 0 0 0 0 0 0 0 0 0 0 0 0 
0 0 0 0 0 0 0 0 0 0 0 0 0 0 0 0 0 0 0 0 
203 85 190 250 241 155 1 236 24 8 239 245 19 235 123 209 94 77 63 75 
203 78 150 250 241 187 1 44 24 246 16 85 19 10 102 52 94 131 140 79 
0 0 0 0 0 0 0 0 0 0 0 0 0 0 0 0 0 0 0 0 
0 0 0 0 0 0 0 0 0 0 0 0 0 0 0 0 0 0 0 0 
0 0 0 0 0 0 0 0 0 0 0 0 0 0 0 0 0 0 0 0 
203 109 85 250 241 198 1 236 24 50 239 2 19 235 123 2 94 77 63 75 
0 0 0 0 0 0 0 0 0 0 0 0 0 0 0 0 0 0 0 0 
203 97 190 250 241 198 1 236 24 50 239 2 19 235 123 2 94 77 63 75 
0 0 0 0 0 0 0 0 0 0 0 0 0 0 0 0 0 0 0 0 
203 91 190 250 241 155 1 236 24 50 239 245 19 235 123 2 94 77 63 75 
0 0 0 0 0 0 0 0 0 0 0 0 0 0 0 0 0 0 0 0 
0 0 0 0 0 0 0 0 0 0 0 0 0 0 0 0 0 0 0 0 
0 0 0 0 0 0 0 0 0 0 0 0 0 0 0 0 0 0 0 0 
0 0 0 0 0 0 0 0 0 0 0 0 0 0 0 0 0 0 0 0 
0 0 0 0 0 0 0 0 0 0 0 0 0 0 0 0 0 0 0 0 
0 0 0 0 0 0 0 0 0 0 0 0 0 0 0 0 0 0 0 0 
0 0 0 0 0 0 0 0 0 0 0 0 0 0 0 0 0 0 0 0 
0 0 0 0 0 0 0 0 0 0 0 0 0 0 0 0 0 0 0 0 
0 0 0 0 0 0 0 0 0 0 0 0 0 0 0 0 0 0 0 0 
0 0 0 0 0 0 0 0 0 0 0 0 0 0 0 0 0 0 0 0 
0 0 0 0 0 0 0 0 0 0 0 0 0 0 0 0 0 0 0 0 
0 0 0 0 0 0 0 0 0 0 0 0 0 0 0 0 0 0 0 0 
20 78 150 250 234 187 1 44 81 246 16 85 5 10 102 52 116 131 140 79 
20 78 150 250 234 187 1 44 81 246 16 85 5 10 102 52 116 131 140 79 
20 78 150 250 234 187 1 44 81 246 16 85 5 10 102 52 116 131 140 79 
0 0 0 0 0 0 0 0 0 0 0 0 0 0 0 0 0 0 0 0 
20 78 150 250 234 187 1 44 81 246 16 85 5 10 102 52 116 131 140 79 
0 0 0 0 0 0 0 0 0 0 0 0 0 0 0 0 0 0 0 0 
0 0 0 0 0 0 0 0 0 0 0 0 0 0 0 0 0 0 0 0 
31 85 6 250 238 191 1 236 81 27 245 36 11 21 67 238 29 180 80 187 
0 0 0 0 0 0 0 0 0 0 0 0 0 0 0 0 0 0 0 0 
20 78 150 250 234 187 1 44 81 246 16 85 5 10 102 52 116 131 140 79 
0 0 0 0 0 0 0 0 0 0 0 0 0 0 0 0 0 0 0 0 
20 85 52 250 241 196 71 236 88 5 253 243 29 235 48 177 63 96 59 187 
20 78 150 250 234 187 1 44 81 246 16 85 5 10 102 52 116 131 140 79 
0 0 0 0 0 0 0 0 0 0 0 0 0 0 0 0 0 0 0 0 
20 78 150 250 234 187 1 44 81 246 16 85 5 10 102 52 116 131 140 79 
0 0 0 0 0 0 0 0 0 0 0 0 0 0 0 0 0 0 0 0 
0 0 0 0 0 0 0 0 0 0 0 0 0 0 0 0 0 0 0 0 
20 80 6 250 234 191 1 30 81 5 250 36 5 8 67 24 116 180 100 37 
42 90 6 250 239 196 1 236 102 31 245 243 16 234 67 230 235 229 106 189 
42 85 244 250 238 196 1 236 84 50 245 243 17 21 93 198 29 171 61 187 
64 90 244 250 239 196 1 236 59 42 245 243 24 234 93 208 235 198 113 189 
0 0 0 0 0 0 0 0 0 0 0 0 0 0 0 0 0 0 0 0 
64 95 244 250 239 197 1 236 59 34 245 244 24 235 93 218 235 225 113 192 
20 83 6 250 239 196 1 16 102 20 250 243 8 7 67 252 96 229 100 250 
0 0 0 0 0 0 0 0 0 0 0 0 0 0 0 0 0 0 0 0 
20 95 244 250 238 197 1 236 110 34 245 244 11 235 93 218 246 225 113 192 
0 0 0 0 0 0 0 0 0 0 0 0 0 0 0 0 0 0 0 0 
64 85 244 250 239 196 1 236 59 50 245 243 24 234 93 198 235 171 61 187 
0 0 0 0 0 0 0 0 0 0 0 0 0 0 0 0 0 0 0 0 
20 85 244 250 239 196 1 236 59 50 245 243 11 235 93 198 68 171 61 187 
0 0 0 0 0 0 0 0 0 0 0 0 0 0 0 0 0 0 0 0 
0 0 0 0 0 0 0 0 0 0 0 0 0 0 0 0 0 0 0 0 
64 83 6 250 239 196 1 16 59 20 250 243 24 7 67 252 235 229 100 250 
42 83 244 250 239 196 1 16 59 35 250 243 17 7 93 225 235 171 80 250 
0 0 0 0 0 0 0 0 0 0 0 0 0 0 0 0 0 0 0 0 
0 0 0 0 0 0 0 0 0 0 0 0 0 0 0 0 0 0 0 0 
0 0 0 0 0 0 0 0 0 0 0 0 0 0 0 0 0 0 0 0 
0 0 0 0 0 0 0 0 0 0 0 0 0 0 0 0 0 0 0 0 
42 85 235 250 238 196 1 236 84 50 243 243 17 63 98 198 29 171 61 187 
0 0 0 0 0 0 0 0 0 0 0 0 0 0 0 0 0 0 0 0 
0 0 0 0 0 0 0 0 0 0 0 0 0 0 0 0 0 0 0 0 
0 0 0 0 0 0 0 0 0 0 0 0 0 0 0 0 0 0 0 0 
0 0 0 0 0 0 0 0 0 0 0 0 0 0 0 0 0 0 0 0 
0 0 0 0 0 0 0 0 0 0 0 0 0 0 0 0 0 0 0 0 
0 0 0 0 0 0 0 0 0 0 0 0 0 0 0 0 0 0 0 0 
64 127 226 250 238 198 1 236 110 50 242 245 24 235 103 198 246 227 61 209 
0 0 0 0 0 0 0 0 0 0 0 0 0 0 0 0 0 0 0 0 
20 63 37 250 238 195 221 236 171 223 250 242 17 34 77 61 254 32 33 44 
1 85 235 250 238 196 1 236 84 50 244 243 20 21 98 198 48 171 61 187 
0 0 0 0 0 0 0 0 0 0 0 0 0 0 0 0 0 0 0 0 
0 0 0 0 0 0 0 0 0 0 0 0 0 0 0 0 0 0 0 0 
0 0 0 0 0 0 0 0 0 0 0 0 0 0 0 0 0 0 0 0 
53 85 226 250 239 198 1 236 110 50 245 245 20 235 103 198 68 227 61 187 
42 127 226 250 238 198 1 236 110 50 242 245 17 235 103 198 246 227 61 209 
0 0 0 0 0 0 0 0 0 0 0 0 0 0 0 0 0 0 0 0 
0 0 0 0 0 0 0 0 0 0 0 0 0 0 0 0 0 0 0 0 
0 0 0 0 0 0 0 0 0 0 0 0 0 0 0 0 0 0 0 0 
0 0 0 0 0 0 0 0 0 0 0 0 0 0 0 0 0 0 0 0 
0 0 0 0 0 0 0 0 0 0 0 0 0 0 0 0 0 0 0 0 
0 0 0 0 0 0 0 0 0 0 0 0 0 0 0 0 0 0 0 0 
0 0 0 0 0 0 0 0 0 0 0 0 0 0 0 0 0 0 0 0 
0 0 0 0 0 0 0 0 0 0 0 0 0 0 0 0 0 0 0 0 
20 85 235 250 238 196 1 236 84 235 243 243 21 63 98 29 29 171 48 187 
0 0 0 0 0 0 0 0 0 0 0 0 0 0 0 0 0 0 0 0 
0 0 0 0 0 0 0 0 0 0 0 0 0 0 0 0 0 0 0 0 
0 0 0 0 0 0 0 0 0 0 0 0 0 0 0 0 0 0 0 0 
0 0 0 0 0 0 0 0 0 0 0 0 0 0 0 0 0 0 0 0 
0 0 0 0 0 0 0 0 0 0 0 0 0 0 0 0 0 0 0 0 
0 0 0 0 0 0 0 0 0 0 0 0 0 0 0 0 0 0 0 0 
0 0 0 0 0 0 0 0 0 0 0 0 0 0 0 0 0 0 0 0 
0 0 0 0 0 0 0 0 0 0 0 0 0 0 0 0 0 0 0 0 
20 54 38 250 238 189 1 62 110 235 237 2 21 33 26 29 252 42 48 180 
0 0 0 0 0 0 0 0 0 0 0 0 0 0 0 0 0 0 0 0 
0 0 0 0 0 0 0 0 0 0 0 0 0 0 0 0 0 0 0 0 
0 0 0 0 0 0 0 0 0 0 0 0 0 0 0 0 0 0 0 0 
0 0 0 0 0 0 0 0 0 0 0 0 0 0 0 0 0 0 0 0 
20 52 36 250 238 188 1 234 110 235 240 1 21 35 35 29 252 35 48 177 
0 0 0 0 0 0 0 0 0 0 0 0 0 0 0 0 0 0 0 0 
0 0 0 0 0 0 0 0 0 0 0 0 0 0 0 0 0 0 0 0 
20 52 34 250 238 188 1 234 110 235 243 1 21 35 45 29 252 35 48 177 
0 0 0 0 0 0 0 0 0 0 0 0 0 0 0 0 0 0 0 0 
0 0 0 0 0 0 0 0 0 0 0 0 0 0 0 0 0 0 0 0 
0 0 0 0 0 0 0 0 0 0 0 0 0 0 0 0 0 0 0 0 
0 0 0 0 0 0 0 0 0 0 0 0 0 0 0 0 0 0 0 0 
0 0 0 0 0 0 0 0 0 0 0 0 0 0 0 0 0 0 0 0 
0 0 0 0 0 0 0 0 0 0 0 0 0 0 0 0 0 0 0 0 
20 51 36 250 238 189 1 255 110 235 245 2 21 38 38 29 239 42 48 175 
20 51 36 250 238 189 1 255 110 235 58 2 21 38 29 239 239 48 175 75 
20 51 36 250 238 189 1 255 110 235 245 2 21 38 35 29 239 45 48 75 
0 0 0 0 0 0 0 0 0 0 0 0 0 0 0 0 0 0 0 0 
0 0 0 0 0 0 0 0 0 0 0 0 0 0 0 0 0 0 0 0 
0 0 0 0 0 0 0 0 0 0 0 0 0 0 0 0 0 0 0 0 
20 51 36 250 238 189 1 255 110 235 245 2 21 38 38 29 239 42 48 175 
0 0 0 0 0 0 0 0 0 0 0 0 0 0 0 0 0 0 0 0 
0 0 0 0 0 0 0 0 0 0 0 0 0 0 0 0 0 0 0 0 
0 0 0 0 0 0 0 0 0 0 0 0 0 0 0 0 0 0 0 0 
20 51 36 250 238 189 1 255 110 235 245 2 25 38 29 239 239 48 175 75 
0 0 0 0 0 0 0 0 0 0 0 0 0 0 0 0 0 0 0 0 
20 51 36 250 238 189 1 255 110 235 245 2 21 38 29 239 239 48 175 75 
54 51 36 250 235 189 1 255 124 235 245 2 62 38 29 239 29 48 175 75 
0 0 0 0 0 0 0 0 0 0 0 0 0 0 0 0 0 0 0 0 
54 51 35 250 235 189 1 255 124 235 242 2 62 38 35 239 29 48 237 75 
0 0 0 0 0 0 0 0 0 0 0 0 0 0 0 0 0 0 0 0 
10 51 36 250 238 189 1 255 110 235 245 2 14 38 29 239 224 48 175 75 
0 0 0 0 0 0 0 0 0 0 0 0 0 0 0 0 0 0 0 0 
68 26 36 250 232 157 1 5 106 233 245 201 77 14 33 16 49 37 237 86 
0 0 0 0 0 0 0 0 0 0 0 0 0 0 0 0 0 0 0 0 
54 51 36 250 238 189 1 255 110 235 245 2 62 38 33 239 239 48 237 75 
0 0 0 0 0 0 0 0 0 0 0 0 0 0 0 0 0 0 0 0 
0 0 0 0 0 0 0 0 0 0 0 0 0 0 0 0 0 0 0 0 
0 0 0 0 0 0 0 0 0 0 0 0 0 0 0 0 0 0 0 0 
68 38 36 250 235 189 1 2 110 233 245 2 77 26 33 16 16 48 237 80 
0 0 0 0 0 0 0 0 0 0 0 0 0 0 0 0 0 0 0 0 
0 0 0 0 0 0 0 0 0 0 0 0 0 0 0 0 0 0 0 0 
68 1 55 251 232 125 15 10 106 231 244 146 77 245 241 49 49 27 132 97 
16 1 55 251 232 125 15 10 106 231 244 146 77 245 241 49 49 27 116 97 
88 97 78 251 232 125 17 10 139 231 237 146 99 245 230 49 74 27 75 97 
96 1 91 251 232 125 15 10 145 231 237 146 77 245 223 49 50 27 132 97 
16 97 65 251 232 125 15 10 106 231 237 75 77 245 237 49 66 27 116 97 
86 1 73 251 232 125 31 10 125 231 240 146 94 248 232 49 63 104 97 139 
88 1 91 251 232 125 17 10 143 231 237 223 99 245 223 49 50 59 75 97 
130 1 91 250 232 125 17 10 141 219 237 146 111 245 223 58 78 27 103 97 
104 1 91 250 232 100 47 10 145 219 237 211 111 245 223 59 78 42 76 97 
88 1 91 251 232 125 17 10 141 231 237 146 99 245 223 49 78 27 75 97 
172 1 91 250 232 125 18 10 141 208 237 146 123 245 223 69 232 27 77 97 
50 97 65 251 232 125 15 10 137 231 237 146 74 245 237 49 74 27 116 97 
121 1 91 251 232 125 17 10 145 231 237 146 123 245 223 49 50 27 75 97 
16 255 91 250 232 100 18 16 145 208 63 145 77 223 127 50 42 77 83 97 
68 1 91 250 232 125 17 10 145 208 244 146 76 245 223 69 50 27 74 97 
121 255 91 250 232 100 18 16 145 208 237 145 123 4 223 69 73 42 77 83 
68 9 91 251 232 125 17 249 145 219 244 146 76 244 223 59 50 27 74 93 
121 245 91 250 232 125 18 13 102 208 237 146 123 22 55 69 69 27 77 115 
6 1 91 250 232 125 18 10 145 208 237 146 77 245 223 69 64 27 77 97 
121 1 91 251 232 125 17 10 145 231 237 146 123 245 223 49 50 27 75 97 
1 4 91 250 232 125 18 12 145 167 146 77 198 223 69 64 27 23 96 242 
16 250 91 250 232 125 18 11 145 208 237 146 77 6 223 69 78 27 48 106 
1 8 91 250 232 125 18 14 145 208 237 166 77 243 223 69 78 27 23 96 
5 16 91 250 232 125 18 19 145 208 237 146 91 241 223 73 71 27 228 96 
18 16 91 250 232 125 18 19 115 208 237 146 34 241 223 69 66 27 23 96 
16 1 91 250 232 125 18 10 145 208 237 146 63 245 223 69 50 27 77 97 
16 1 91 252 232 125 18 10 145 208 237 146 30 245 223 69 50 27 73 97 
16 245 91 250 232 125 18 13 145 208 237 146 63 22 55 69 78 27 77 115 
16 245 91 250 232 125 18 13 145 208 237 146 77 22 198 69 78 27 48 115 
16 1 91 251 232 125 18 10 145 250 237 146 63 245 223 15 50 27 77 97 
6 250 91 252 232 125 18 11 145 208 199 146 77 6 223 69 1 27 73 106 
1 16 91 250 232 125 18 19 145 208 237 146 77 241 223 69 33 27 23 96 
16 1 91 252 232 125 18 10 145 208 237 146 77 245 223 69 64 27 73 97 
252 1 91 250 232 125 18 10 145 208 237 146 77 245 223 69 78 27 77 97 
16 1 91 250 232 125 18 10 145 208 237 146 77 245 223 69 50 27 73 97 
16 16 91 250 232 125 18 19 145 208 237 146 77 241 223 69 50 27 23 96 
16 1 91 250 232 125 18 10 145 208 237 146 77 245 223 69 50 27 73 97 
98 250 91 252 232 125 18 11 145 208 237 146 77 6 69 69 23 27 147 106 
1 1 91 250 232 125 18 10 145 208 237 146 77 245 223 69 78 27 23 97 
6 253 91 252 232 125 18 10 145 208 218 146 77 253 223 69 39 27 73 101 
109 255 91 250 232 100 18 16 145 208 237 145 100 4 18 69 48 42 112 83 
6 254 91 252 232 125 18 10 145 208 227 146 77 249 69 69 31 97 73 111 
16 1 91 252 232 125 18 10 145 208 237 146 77 245 223 69 123 27 23 97 
16 1 91 250 232 125 10 145 208 237 146 248 245 223 69 50 27 23 97 56 
8 4 91 250 232 125 18 12 145 167 191 77 137 223 6 64 52 23 74 242 
16 253 91 250 232 125 18 10 145 208 237 146 77 253 69 69 50 55 147 101 
252 55 91 251 232 125 18 19 145 237 237 23 77 223 223 50 78 221 23 181 
11 55 157 251 232 125 18 19 145 237 146 23 241 223 69 50 27 221 53 181 
16 55 91 251 232 125 18 19 145 237 237 23 77 223 223 50 78 221 73 181 
16 253 91 250 232 125 18 10 145 208 237 146 77 253 69 69 50 55 147 101 
88 254 91 251 232 125 17 10 145 231 227 146 99 249 69 49 31 97 75 111 
172 1 91 250 232 125 18 145 174 208 146 197 123 223 18 69 27 25 77 56 
130 1 91 250 232 125 17 10 143 219 237 146 111 245 223 58 123 27 103 97 
88 255 91 251 232 125 17 10 141 231 232 146 99 247 223 49 54 27 75 104 
252 1 91 251 232 125 18 10 143 237 237 223 77 245 223 50 50 59 23 97 
88 55 157 251 232 125 18 19 143 237 146 23 99 223 69 50 50 221 53 181 
73 1 91 250 232 125 17 10 143 219 237 146 94 245 223 58 78 27 92 97 
16 97 197 251 232 125 15 10 200 7 237 75 77 245 179 49 78 27 116 97 
252 1 91 251 232 125 15 10 143 231 237 146 77 245 223 49 50 27 132 97 
252 97 65 251 232 125 15 10 143 231 237 75 77 245 237 49 50 27 116 97 
86 1 82 251 232 125 31 10 134 231 237 146 94 245 227 49 123 65 97 97 
86 97 73 251 232 125 31 10 125 7 240 75 94 245 232 49 63 27 97 97 
88 1 91 251 232 125 17 10 143 231 237 146 99 245 223 49 50 27 75 97 
16 55 157 251 232 125 18 19 106 237 146 23 77 247 69 50 239 221 53 181 
92 194 73 251 232 125 31 10 143 231 240 146 77 248 27 49 50 104 97 139 
86 1 82 250 232 125 31 10 134 219 237 146 94 245 227 58 123 27 97 97 
230 1 91 250 232 125 17 10 179 219 237 146 45 245 223 58 62 27 92 97 
42 1 91 251 232 125 16 10 143 231 237 223 88 245 223 49 50 59 103 97 
42 45 91 250 232 125 19 1 141 230 9 146 53 250 223 49 15 27 95 96 
88 7 55 251 232 116 15 242 139 231 244 130 99 239 241 49 74 32 116 90 
88 55 157 251 232 125 18 19 143 237 146 23 99 247 69 50 50 221 53 181 
88 7 55 251 232 116 15 242 143 231 244 130 99 239 241 49 50 32 116 90 
50 4 91 251 232 125 15 253 141 231 237 146 74 242 223 49 78 27 116 93 
50 7 78 251 232 120 15 242 141 231 237 138 74 239 230 49 78 29 116 90 
16 7 55 251 232 116 15 242 106 231 244 130 77 239 241 49 49 32 116 90 
42 89 91 250 232 125 19 248 173 230 36 146 53 1 223 49 54 27 95 95 
43 1 91 250 232 125 19 10 141 230 237 146 62 245 223 49 232 27 95 97 
88 97 91 251 232 125 18 10 143 231 237 75 99 245 223 49 50 27 52 97 
66 89 91 250 232 125 19 248 106 230 36 146 61 1 223 49 57 27 95 95 
43 89 91 250 232 125 19 248 141 230 36 146 62 1 223 49 54 27 95 95 
88 8 63 251 232 112 17 14 141 231 237 145 99 243 223 49 57 34 75 96 
16 1 65 250 232 125 15 10 106 228 237 146 77 245 237 50 66 27 116 97 
16 16 91 250 232 106 207 19 106 208 237 255 241 223 69 49 67 77 54 122 
42 1 91 250 232 125 29 10 141 228 240 146 64 245 223 50 13 27 87 97 
121 1 91 251 232 125 16 10 145 231 237 146 21 245 223 49 50 27 237 97 
16 97 91 251 232 125 18 10 145 231 237 75 77 245 223 49 64 27 52 97 
130 1 84 250 232 112 17 10 243 219 237 145 111 245 226 58 74 34 103 97 
88 8 35 251 232 100 17 14 141 236 237 145 99 243 223 49 57 42 75 96 
88 1 78 250 232 100 17 10 139 228 237 145 99 245 230 50 74 42 75 97 
18 255 91 250 232 100 18 16 145 208 63 145 141 223 127 50 93 77 83 97 
1 1 45 250 232 125 18 10 141 208 193 146 198 245 244 69 41 27 96 97 
172 16 91 250 232 106 18 19 145 208 237 255 123 241 223 69 78 38 77 54 
42 1 91 250 232 125 17 10 145 247 244 146 76 245 127 66 50 97 85 97 
42 1 91 250 232 100 29 10 145 228 244 145 64 245 223 50 50 42 87 97 
68 1 91 251 232 125 17 10 145 219 237 166 76 104 244 59 78 27 74 97 
252 8 91 251 232 100 16 14 145 236 237 145 77 243 223 49 33 42 127 96 
16 1 91 250 232 125 18 10 145 31 237 146 77 245 127 64 50 97 96 121 
121 8 91 251 232 100 16 14 145 236 237 145 123 243 223 49 36 42 127 96 
121 1 91 250 232 125 18 10 145 208 237 146 123 245 223 69 78 27 77 97 
16 8 91 251 232 100 42 14 145 249 237 145 53 243 223 32 36 42 101 96 
1 16 91 250 232 118 18 19 145 167 145 80 198 223 46 64 42 54 96 157 
38 1 91 250 232 125 18 10 145 31 237 146 61 245 127 64 23 97 96 121 
202 16 16 251 232 100 41 19 31 129 237 145 53 241 223 32 33 42 101 96 
6 16 91 250 232 100 18 19 145 208 237 145 77 101 198 69 78 99 77 54 
71 16 91 250 232 100 18 13 145 208 237 145 37 253 223 69 20 25 62 115 
121 8 91 251 232 100 16 14 145 231 237 145 123 243 223 49 36 42 127 96 
1 19 91 250 232 59 18 110 145 31 237 33 198 160 223 64 78 137 96 203 
121 16 91 251 232 100 17 19 145 231 237 145 123 101 198 219 78 99 75 54 
121 8 91 251 232 125 16 14 145 236 191 146 123 234 223 49 60 27 127 127 
59 245 91 250 232 125 18 13 123 208 191 146 100 22 39 69 55 27 236 115 
50 19 91 250 232 59 15 110 145 207 237 33 74 160 223 69 78 137 116 203 
50 8 78 251 232 112 15 14 141 231 237 145 74 243 230 49 36 34 116 96 
130 14 91 250 232 92 17 110 143 219 237 89 111 160 223 58 78 82 103 203 
68 16 91 251 232 100 15 13 145 231 237 145 77 253 223 49 20 25 132 115 
121 4 91 251 232 125 16 12 143 231 237 223 123 244 223 49 43 59 127 96 
121 1 55 251 232 125 15 10 145 231 244 146 123 245 241 49 78 27 116 97 
121 245 91 250 232 125 18 13 145 208 191 146 123 22 39 69 50 27 236 115 
88 19 91 250 232 59 15 110 139 207 237 33 99 160 223 69 74 137 116 203 
16 4 91 251 232 125 16 12 106 233 191 146 77 239 223 49 49 27 127 112 
86 245 91 250 232 125 18 13 125 208 191 146 94 22 39 69 63 27 236 115 
151 1 91 250 232 125 17 10 142 208 237 146 117 245 223 69 27 27 90 97 
16 1 55 251 232 125 15 10 145 231 244 146 77 245 241 49 64 27 116 97 
88 43 91 250 232 125 18 11 139 219 191 146 99 6 39 59 74 27 236 106 
16 56 91 251 232 112 15 11 106 231 237 110 77 249 223 49 66 26 132 106 
16 1 91 250 232 100 47 10 145 219 237 211 77 245 223 59 50 42 76 97 
108 1 91 250 232 125 16 10 145 219 237 146 100 245 39 59 50 27 184 97 
121 19 65 250 232 125 18 10 137 208 133 146 123 245 237 69 74 27 236 97 
16 28 91 251 232 100 15 10 145 231 237 211 77 247 223 49 72 42 132 101 
151 1 91 250 232 125 18 10 142 208 237 146 117 245 223 69 27 27 77 97 
16 1 89 250 232 125 18 10 145 208 237 146 31 245 223 69 78 27 77 97 
96 1 55 251 232 125 15 10 145 231 244 146 77 245 241 49 50 27 116 97 
16 1 91 251 232 125 15 10 145 231 237 146 77 245 39 49 50 27 116 97 
130 28 91 250 232 100 17 10 145 219 237 211 111 247 223 58 72 42 103 101 
55 1 91 250 232 100 5 10 145 170 237 211 68 245 223 81 50 42 195 97 
56 1 89 250 232 125 16 10 145 219 237 146 54 245 223 59 50 27 104 97 
68 252 91 251 232 100 15 110 145 231 237 79 77 160 223 49 78 137 132 203 
88 16 91 251 232 100 17 19 145 231 237 145 99 241 223 49 78 42 75 69 
16 1 91 250 232 100 47 10 145 219 237 211 77 245 223 59 50 42 76 97 
161 1 91 250 232 125 18 10 142 208 237 146 120 245 223 69 232 27 77 97 
16 1 73 250 232 100 11 10 106 219 25 211 77 245 59 49 42 216 97 246 
130 51 91 251 232 125 17 10 141 231 237 146 111 245 223 49 78 27 103 97 
83 58 91 250 232 112 13 91 141 232 55 178 99 191 223 61 24 34 86 47 
130 14 91 250 232 112 17 10 141 219 237 178 111 246 223 58 78 34 103 99 
123 1 82 251 232 125 24 10 133 231 238 146 107 248 227 49 20 104 87 139 
69 1 91 250 232 100 47 10 31 219 237 211 111 245 223 59 251 42 76 97 
37 41 84 250 232 112 11 77 139 167 40 145 55 10 226 64 3 34 114 44 
221 1 91 250 232 125 18 10 143 208 237 146 100 245 223 69 17 27 79 97 
16 1 91 251 232 125 17 10 143 231 237 223 77 245 223 49 50 59 75 97 
118 97 91 250 232 125 7 10 145 170 237 75 54 245 223 65 78 27 147 97 
85 41 84 250 232 112 11 77 226 167 40 145 73 10 226 64 50 34 114 44 
16 97 91 251 232 125 18 10 145 231 237 75 77 245 223 49 78 27 81 97 
52 1 91 251 232 125 17 10 144 231 237 223 88 245 223 49 64 59 75 97 
172 33 91 250 232 125 18 10 141 160 240 146 123 245 223 73 123 27 81 97 
88 16 84 251 236 112 17 19 226 231 237 145 99 241 226 49 78 34 75 72 
42 1 73 251 232 125 16 10 125 231 240 146 77 245 232 49 42 27 103 97 
16 1 55 251 232 125 15 10 106 231 244 146 77 245 241 49 49 27 116 97 
88 1 91 251 232 112 17 10 143 231 237 178 99 245 223 49 36 34 75 97 
16 1 91 251 232 125 17 10 145 231 237 223 77 245 223 49 78 59 75 97 
16 1 91 250 232 125 18 10 145 208 237 146 31 245 223 69 78 27 75 97 
172 65 55 250 232 125 18 10 141 160 244 179 123 245 45 73 169 27 81 97 
16 1 91 250 232 100 18 10 145 219 237 211 77 245 223 59 36 42 75 97 
16 1 91 251 232 125 18 10 145 231 237 146 77 245 223 49 71 27 81 97 
16 16 55 250 232 100 15 19 106 113 244 145 77 241 241 78 49 42 116 54 
16 244 74 251 232 99 15 14 125 231 237 144 77 243 233 49 78 29 116 81 
104 244 93 251 232 73 18 14 145 208 237 142 111 243 226 69 78 31 73 81 
182 27 21 250 232 112 11 10 145 220 244 145 48 245 223 59 49 34 100 97 
16 1 55 250 232 125 18 10 106 113 244 146 77 245 241 78 49 27 81 97 
8 101 21 250 232 112 16 228 145 218 31 145 65 24 223 60 88 34 103 179 
159 19 91 251 232 125 16 10 145 231 237 146 77 245 223 49 41 27 106 97 
16 1 91 251 232 125 18 10 145 231 237 146 77 245 223 49 78 27 75 97 
244 33 21 250 232 112 17 19 145 208 237 145 76 241 223 69 50 34 74 52 
252 16 91 250 232 100 18 19 145 113 237 145 77 241 223 78 33 42 81 54 
16 244 93 251 232 73 18 14 145 208 237 142 77 243 226 69 50 31 73 81 
6 232 93 254 232 21 18 19 145 208 237 138 23 241 226 69 78 36 73 65 
16 16 91 250 232 100 18 19 145 113 237 145 77 239 223 78 78 42 81 53 
16 16 91 250 232 100 18 19 145 113 237 145 77 241 223 78 78 42 81 54 
16 16 91 250 232 100 18 19 145 113 237 145 77 241 223 78 78 42 81 54 
16 16 91 250 232 100 18 19 145 113 237 145 77 241 223 78 78 42 81 54 
16 16 91 250 232 100 18 19 145 113 237 145 77 238 223 78 78 42 81 53 
16 16 91 250 232 100 18 19 145 113 237 145 77 241 223 78 78 42 81 54 
16 16 91 250 232 100 18 19 145 113 237 145 77 238 223 78 78 42 81 53 
16 16 91 250 232 100 18 19 145 113 237 145 77 241 223 78 71 42 81 54 
16 16 91 250 232 100 18 19 145 113 237 145 77 241 173 78 64 42 81 54 
16 16 91 250 232 100 18 19 145 113 237 145 77 241 223 78 78 42 81 54 
16 11 91 250 232 100 18 19 145 113 237 145 77 241 223 78 78 42 230 52 
16 16 91 250 232 100 18 19 145 113 237 145 77 241 223 78 78 42 75 54 
16 13 91 250 232 100 18 19 145 113 237 145 77 241 223 78 78 42 230 53 
16 16 91 250 232 100 18 19 145 113 225 77 236 223 78 78 42 75 37 114 
16 11 91 250 232 100 18 19 145 113 237 145 77 241 223 78 78 42 230 52 
16 16 91 250 232 100 18 19 145 113 237 145 77 236 223 78 78 42 81 37 
16 16 91 250 232 100 18 19 145 113 237 145 77 241 223 78 78 42 81 40 
16 16 91 250 232 100 18 19 145 113 237 145 11 236 173 78 50 42 81 37 
16 11 91 250 232 100 18 19 145 113 237 145 77 241 223 78 50 116 81 52 
16 11 91 250 232 100 18 19 145 113 237 145 77 241 223 78 78 42 75 52 
16 16 91 250 232 100 18 19 145 113 225 145 77 236 223 78 50 42 75 37 
16 12 91 250 232 100 36 19 145 113 237 145 77 241 223 78 71 42 74 56 
16 16 91 250 232 100 20 19 145 113 237 145 77 241 223 78 50 42 74 40 
16 13 254 250 232 100 20 19 145 113 237 145 77 31 56 78 78 42 74 60 
16 11 91 250 232 100 20 19 145 113 237 145 77 241 173 78 78 116 74 52 
16 13 91 250 232 100 20 19 145 113 237 145 77 241 223 78 64 42 74 60 
16 13 91 250 232 100 20 19 145 113 237 145 77 241 223 78 78 42 74 60 
16 16 91 250 232 100 20 19 145 113 214 71 77 223 244 78 78 103 74 0 
16 16 91 250 232 100 18 19 145 113 237 71 77 223 173 78 50 252 81 248 
16 11 91 250 232 100 20 19 145 113 237 145 77 241 173 78 50 42 74 52 
16 16 91 250 232 100 18 19 145 113 225 145 31 236 223 78 46 42 75 37 
16 16 91 250 232 100 20 19 145 113 225 145 77 232 173 78 64 42 74 34 
16 7 91 250 232 100 20 19 145 113 237 145 77 241 173 78 50 42 74 35 
16 11 91 250 232 100 20 19 145 113 237 145 49 241 173 78 36 116 74 52 
16 16 91 250 232 100 20 19 145 113 214 71 77 223 244 78 78 103 74 0 
16 16 91 250 232 100 20 19 145 113 214 71 77 223 244 78 78 103 74 0 
16 16 91 250 232 100 20 19 145 113 237 145 77 241 223 78 23 42 74 12 
16 16 91 250 232 100 18 19 145 113 214 145 31 232 223 78 42 42 75 34 
16 16 91 250 232 100 20 19 145 113 214 71 77 223 244 78 50 103 74 0 
16 16 91 250 232 100 55 19 145 113 145 145 22 232 55 78 23 42 69 34 
114 16 91 250 232 100 55 19 145 113 145 145 241 232 55 78 60 42 69 34 
16 16 91 250 232 100 20 19 145 113 214 145 77 232 244 78 50 42 74 34 
16 11 91 250 232 100 20 19 145 113 237 145 77 241 173 78 50 116 74 52 
16 16 91 250 232 100 18 19 145 113 214 145 77 232 223 78 23 42 75 34 
16 16 91 250 232 55 18 145 145 185 237 241 77 244 223 39 78 69 81 217 
16 16 91 250 232 100 20 19 145 113 225 145 77 236 223 78 50 42 74 37 
16 16 91 250 232 55 19 145 145 185 145 241 241 244 16 39 42 69 6 217 
114 16 91 250 232 100 55 19 145 113 145 71 241 223 100 78 42 103 69 0 
16 16 91 250 232 100 19 19 194 185 145 145 77 241 55 39 42 42 6 69 
16 16 167 250 232 55 18 145 145 185 225 241 77 244 63 39 60 69 81 217 
16 16 91 250 232 55 19 145 145 185 145 241 77 244 78 39 23 69 6 217 
16 16 91 250 232 55 18 145 145 185 237 241 22 244 223 39 23 69 81 217 
16 16 91 250 232 55 18 145 145 185 237 241 77 244 223 39 78 69 81 217 
16 16 91 250 232 55 18 35 145 185 237 241 77 244 223 39 23 69 81 217 
16 16 91 250 232 100 19 82 194 185 145 145 77 242 55 39 42 42 6 15 
16 16 91 250 232 100 19 19 145 185 145 145 77 241 55 39 78 42 6 69 
16 16 91 250 232 55 19 145 145 185 145 241 77 244 78 39 42 69 6 217 
16 16 91 250 232 100 19 19 145 185 145 145 77 241 55 39 78 42 6 69 
16 16 91 250 232 100 19 82 145 185 145 29 67 242 55 39 50 42 6 15 
16 16 91 250 232 100 19 50 145 185 179 145 67 241 223 39 57 42 6 42 
16 16 91 250 232 55 18 35 145 185 145 241 241 244 63 39 42 69 69 217 
16 16 91 250 232 100 19 82 145 185 145 29 49 242 55 39 36 42 6 15 
16 16 91 250 232 100 18 82 145 185 237 29 77 242 223 39 78 42 81 15 
16 16 91 250 232 55 19 145 145 185 145 241 77 244 78 39 50 69 6 217 
239 16 222 250 232 100 19 19 145 185 237 145 67 241 223 39 78 42 6 7 
16 16 91 250 232 100 19 19 145 185 237 145 77 241 223 39 23 42 6 12 
16 16 91 250 232 55 18 35 145 185 145 241 77 244 63 39 23 69 69 217 
16 16 91 250 232 100 19 19 145 185 237 145 77 241 223 39 78 42 6 54 
16 16 91 250 232 100 134 27 145 185 168 145 241 242 11 39 60 42 69 8 
16 16 91 250 232 55 18 35 145 185 145 241 77 244 63 39 50 69 69 217 
16 16 91 250 232 55 19 145 145 185 145 241 77 244 78 39 50 69 6 217 
16 16 91 250 232 100 18 82 145 185 237 29 77 242 223 39 78 42 81 15 
16 16 91 250 232 55 18 35 145 185 237 241 49 244 223 39 36 69 81 217 
16 16 91 250 232 100 18 19 145 185 237 145 77 241 223 39 50 42 69 69 
16 16 91 250 232 55 18 35 145 185 237 241 77 244 223 39 78 69 81 217 
16 11 91 250 232 100 244 19 145 185 237 145 77 241 223 39 78 42 47 52 
