3 252 1 250 239 236 212 23 14 12 3 200 31 236 189 55 107 50 233 224 
0 0 0 0 0 0 0 0 0 0 0 0 0 0 0 0 0 0 0 0 
0 0 0 0 0 0 0 0 0 0 0 0 0 0 0 0 0 0 0 0 
0 0 0 0 0 0 0 0 0 0 0 0 0 0 0 0 0 0 0 0 
0 0 0 0 0 0 0 0 0 0 0 0 0 0 0 0 0 0 0 0 
51 216 1 250 234 230 212 251 39 12 3 201 31 230 189 55 86 65 233 174 
0 0 0 0 0 0 0 0 0 0 0 0 0 0 0 0 0 0 0 0 
0 0 0 0 0 0 0 0 0 0 0 0 0 0 0 0 0 0 0 0 
38 247 51 7 235 224 5 14 227 21 15 224 16 18 244 213 106 240 208 95 
247 216 1 250 234 224 212 251 65 232 3 202 230 230 189 27 86 80 233 174 
0 0 0 0 0 0 0 0 0 0 0 0 0 0 0 0 0 0 0 0 
223 247 248 251 235 197 244 29 227 3 1 24 236 78 237 38 106 53 146 81 
0 0 0 0 0 0 0 0 0 0 0 0 0 0 0 0 0 0 0 0 
253 12 240 254 234 224 212 35 23 13 3 243 15 227 59 26 125 29 121 147 
38 3 46 7 239 239 5 29 51 21 15 255 16 21 244 213 103 74 208 63 
3 79 59 252 239 254 115 44 251 30 246 32 16 24 247 55 103 93 29 114 
0 0 0 0 0 0 0 0 0 0 0 0 0 0 0 0 0 0 0 0 
3 252 47 251 239 254 236 23 29 135 3 212 23 236 247 5 41 93 3 224 
0 0 0 0 0 0 0 0 0 0 0 0 0 0 0 0 0 0 0 0 
0 0 0 0 0 0 0 0 0 0 0 0 0 0 0 0 0 0 0 0 
38 3 46 253 239 239 5 29 51 21 15 255 16 21 244 213 103 74 208 63 
0 0 0 0 0 0 0 0 0 0 0 0 0 0 0 0 0 0 0 0 
0 0 0 0 0 0 0 0 0 0 0 0 0 0 0 0 0 0 0 0 
248 30 252 250 236 214 250 51 50 28 4 217 216 31 48 40 83 60 60 120 
38 14 51 254 235 224 5 14 227 13 15 224 16 18 244 26 106 55 208 13 
0 0 0 0 0 0 0 0 0 0 0 0 0 0 0 0 0 0 0 0 
243 12 143 254 234 224 233 35 232 13 188 243 20 159 1 26 55 29 225 147 
0 0 0 0 0 0 0 0 0 0 0 0 0 0 0 0 0 0 0 0 
0 0 0 0 0 0 0 0 0 0 0 0 0 0 0 0 0 0 0 0 
0 0 0 0 0 0 0 0 0 0 0 0 0 0 0 0 0 0 0 0 
130 38 83 250 239 165 5 153 51 19 15 23 16 234 244 126 103 21 208 13 
229 103 14 251 250 254 255 67 251 15 163 212 14 24 2 17 164 93 61 207 
0 0 0 0 0 0 0 0 0 0 0 0 0 0 0 0 0 0 0 0 
0 0 0 0 0 0 0 0 0 0 0 0 0 0 0 0 0 0 0 0 
0 0 0 0 0 0 0 0 0 0 0 0 0 0 0 0 0 0 0 0 
0 0 0 0 0 0 0 0 0 0 0 0 0 0 0 0 0 0 0 0 
0 0 0 0 0 0 0 0 0 0 0 0 0 0 0 0 0 0 0 0 
38 38 51 250 235 165 5 153 227 19 15 23 16 234 244 126 106 21 208 13 
247 36 240 250 255 224 250 252 45 28 207 217 158 4 35 40 86 86 60 1 
0 0 0 0 0 0 0 0 0 0 0 0 0 0 0 0 0 0 0 0 
0 0 0 0 0 0 0 0 0 0 0 0 0 0 0 0 0 0 0 0 
6 29 9 251 234 233 244 23 12 18 19 15 11 10 196 32 89 36 88 53 
0 0 0 0 0 0 0 0 0 0 0 0 0 0 0 0 0 0 0 0 
0 0 0 0 0 0 0 0 0 0 0 0 0 0 0 0 0 0 0 0 
248 36 240 250 234 224 250 252 102 28 207 217 216 4 35 40 164 47 60 1 
0 0 0 0 0 0 0 0 0 0 0 0 0 0 0 0 0 0 0 0 
247 14 240 254 255 224 250 14 45 13 207 224 158 18 35 26 86 55 60 13 
45 20 51 251 234 233 5 23 45 18 15 15 244 156 32 148 36 208 53 103 
253 83 240 250 234 224 240 153 45 19 13 23 15 234 159 126 86 21 71 13 
0 0 0 0 0 0 0 0 0 0 0 0 0 0 0 0 0 0 0 0 
187 250 56 250 250 234 221 5 98 255 15 13 38 19 37 115 26 115 81 221 
0 0 0 0 0 0 0 0 0 0 0 0 0 0 0 0 0 0 0 0 
20 14 51 254 234 224 5 14 45 13 15 224 244 18 156 26 148 55 208 27 
0 0 0 0 0 0 0 0 0 0 0 0 0 0 0 0 0 0 0 0 
253 79 47 250 239 254 240 22 29 19 246 212 15 24 247 126 103 93 71 241 
20 14 51 254 234 224 5 14 45 13 93 224 244 18 244 26 15 55 208 55 
86 244 83 254 252 234 239 5 153 20 30 13 16 208 55 86 57 207 13 187 
0 0 0 0 0 0 0 0 0 0 0 0 0 0 0 0 0 0 0 0 
0 0 0 0 0 0 0 0 0 0 0 0 0 0 0 0 0 0 0 0 
0 0 0 0 0 0 0 0 0 0 0 0 0 0 0 0 0 0 0 0 
253 30 14 250 234 254 255 104 94 24 126 212 190 227 2 201 92 234 117 35 
0 0 0 0 0 0 0 0 0 0 0 0 0 0 0 0 0 0 0 0 
20 14 51 254 234 224 5 14 45 13 15 224 244 18 244 26 15 55 208 13 
0 0 0 0 0 0 0 0 0 0 0 0 0 0 0 0 0 0 0 0 
0 0 0 0 0 0 0 0 0 0 0 0 0 0 0 0 0 0 0 0 
20 30 14 250 234 254 255 104 250 24 126 212 244 227 2 201 15 234 130 35 
8 79 14 250 234 254 250 67 94 255 246 212 216 24 2 235 41 103 154 207 
0 0 0 0 0 0 0 0 0 0 0 0 0 0 0 0 0 0 0 0 
51 249 1 251 234 224 229 42 255 10 36 217 218 15 247 37 64 86 245 16 
0 0 0 0 0 0 0 0 0 0 0 0 0 0 0 0 0 0 0 0 
20 33 51 250 234 220 5 24 45 24 15 193 244 17 244 54 15 38 208 60 
0 0 0 0 0 0 0 0 0 0 0 0 0 0 0 0 0 0 0 0 
203 43 20 250 234 213 249 75 219 250 43 169 36 33 6 9 21 56 55 32 
0 0 0 0 0 0 0 0 0 0 0 0 0 0 0 0 0 0 0 0 
214 103 14 250 234 254 250 67 235 255 147 212 12 24 2 235 164 103 154 207 
0 0 0 0 0 0 0 0 0 0 0 0 0 0 0 0 0 0 0 0 
0 0 0 0 0 0 0 0 0 0 0 0 0 0 0 0 0 0 0 0 
0 0 0 0 0 0 0 0 0 0 0 0 0 0 0 0 0 0 0 0 
244 141 10 250 236 208 233 52 243 95 134 10 16 37 219 35 71 13 125 112 
0 0 0 0 0 0 0 0 0 0 0 0 0 0 0 0 0 0 0 0 
0 0 0 0 0 0 0 0 0 0 0 0 0 0 0 0 0 0 0 0 
236 141 195 250 234 208 233 52 140 95 134 10 28 37 219 35 26 13 125 112 
0 0 0 0 0 0 0 0 0 0 0 0 0 0 0 0 0 0 0 0 
35 29 205 250 234 228 253 12 45 18 15 17 8 196 159 60 36 67 28 174 
0 0 0 0 0 0 0 0 0 0 0 0 0 0 0 0 0 0 0 0 
0 0 0 0 0 0 0 0 0 0 0 0 0 0 0 0 0 0 0 0 
14 29 9 251 234 233 244 23 45 18 19 15 8 10 196 32 15 36 88 53 
0 0 0 0 0 0 0 0 0 0 0 0 0 0 0 0 0 0 0 0 
0 0 0 0 0 0 0 0 0 0 0 0 0 0 0 0 0 0 0 0 
14 33 47 250 234 220 11 24 45 24 188 193 8 17 197 54 15 38 209 60 
134 33 50 250 234 223 17 24 21 46 188 220 10 17 218 130 15 53 210 60 
0 0 0 0 0 0 0 0 0 0 0 0 0 0 0 0 0 0 0 0 
45 64 231 250 250 223 233 14 153 249 134 124 36 255 254 61 41 13 125 12 
0 0 0 0 0 0 0 0 0 0 0 0 0 0 0 0 0 0 0 0 
8 29 205 250 234 228 253 104 252 18 15 17 7 196 39 60 187 67 28 174 
0 0 0 0 0 0 0 0 0 0 0 0 0 0 0 0 0 0 0 0 
0 0 0 0 0 0 0 0 0 0 0 0 0 0 0 0 0 0 0 0 
8 247 194 251 234 197 229 29 252 3 12 24 7 78 23 38 19 53 84 81 
0 0 0 0 0 0 0 0 0 0 0 0 0 0 0 0 0 0 0 0 
171 247 194 251 234 197 229 29 202 3 12 24 228 78 23 38 129 53 84 81 
0 0 0 0 0 0 0 0 0 0 0 0 0 0 0 0 0 0 0 0 
0 0 0 0 0 0 0 0 0 0 0 0 0 0 0 0 0 0 0 0 
186 249 226 252 234 197 199 42 232 246 8 165 71 15 75 41 55 88 33 16 
0 0 0 0 0 0 0 0 0 0 0 0 0 0 0 0 0 0 0 0 
243 194 180 250 234 230 233 71 232 95 188 98 63 19 1 35 55 23 125 63 
0 0 0 0 0 0 0 0 0 0 0 0 0 0 0 0 0 0 0 0 
203 79 47 250 239 254 249 22 29 62 246 212 36 24 247 75 103 93 55 114 
0 0 0 0 0 0 0 0 0 0 0 0 0 0 0 0 0 0 0 0 
0 0 0 0 0 0 0 0 0 0 0 0 0 0 0 0 0 0 0 0 
0 0 0 0 0 0 0 0 0 0 0 0 0 0 0 0 0 0 0 0 
243 237 226 250 234 197 229 255 232 42 126 202 63 41 75 32 55 80 69 55 
0 0 0 0 0 0 0 0 0 0 0 0 0 0 0 0 0 0 0 0 
0 0 0 0 0 0 0 0 0 0 0 0 0 0 0 0 0 0 0 0 
244 194 180 250 236 230 233 71 243 95 188 98 16 19 1 35 71 23 125 63 
0 0 0 0 0 0 0 0 0 0 0 0 0 0 0 0 0 0 0 0 
19 186 31 51 250 234 227 4 46 232 46 15 242 71 242 244 130 55 68 221 
203 86 20 250 234 224 249 254 219 62 43 217 36 34 6 75 21 86 55 236 
0 0 0 0 0 0 0 0 0 0 0 0 0 0 0 0 0 0 0 0 
53 4 14 11 254 234 224 244 14 11 13 70 224 26 69 26 35 228 11 13 
134 31 54 250 234 227 17 46 252 46 15 247 10 242 239 130 19 68 210 221 
0 0 0 0 0 0 0 0 0 0 0 0 0 0 0 0 0 0 0 0 
236 194 180 250 236 230 233 71 243 95 188 229 19 1 35 71 23 125 63 9 
0 0 0 0 0 0 0 0 0 0 0 0 0 0 0 0 0 0 0 0 
0 0 0 0 0 0 0 0 0 0 0 0 0 0 0 0 0 0 0 0 
255 253 226 251 255 201 199 46 45 14 36 166 8 23 75 61 11 32 33 68 
189 29 226 251 250 211 199 28 111 4 36 113 34 7 75 53 41 16 33 14 
160 43 13 250 234 213 254 75 247 250 23 169 8 33 36 9 20 56 110 32 
0 0 0 0 0 0 0 0 0 0 0 0 0 0 0 0 0 0 0 0 
0 0 0 0 0 0 0 0 0 0 0 0 0 0 0 0 0 0 0 0 
0 0 0 0 0 0 0 0 0 0 0 0 0 0 0 0 0 0 0 0 
0 0 0 0 0 0 0 0 0 0 0 0 0 0 0 0 0 0 0 0 
15 47 250 251 234 236 173 47 252 31 10 35 150 165 84 70 19 82 122 92 
15 12 56 251 243 229 173 28 69 31 254 255 150 25 7 70 77 72 122 170 
0 0 0 0 0 0 0 0 0 0 0 0 0 0 0 0 0 0 0 0 
8 249 226 252 234 197 199 42 252 246 36 165 7 15 75 41 18 246 33 16 
0 0 0 0 0 0 0 0 0 0 0 0 0 0 0 0 0 0 0 0 
0 0 0 0 0 0 0 0 0 0 0 0 0 0 0 0 0 0 0 0 
134 250 51 254 236 229 137 5 253 65 15 255 10 19 121 26 83 72 208 221 
0 0 0 0 0 0 0 0 0 0 0 0 0 0 0 0 0 0 0 0 
0 0 0 0 0 0 0 0 0 0 0 0 0 0 0 0 0 0 0 0 
0 0 0 0 0 0 0 0 0 0 0 0 0 0 0 0 0 0 0 0 
0 0 0 0 0 0 0 0 0 0 0 0 0 0 0 0 0 0 0 0 
134 12 47 250 236 224 17 35 253 46 246 243 10 227 197 130 83 29 210 147 
30 253 250 240 230 4 51 35 17 22 243 19 31 251 35 61 71 225 24 225 
8 12 47 250 252 224 253 35 30 18 246 243 7 227 197 60 64 29 28 147 
0 0 0 0 0 0 0 0 0 0 0 0 0 0 0 0 0 0 0 0 
0 0 0 0 0 0 0 0 0 0 0 0 0 0 0 0 0 0 0 0 
0 0 0 0 0 0 0 0 0 0 0 0 0 0 0 0 0 0 0 0 
0 0 0 0 0 0 0 0 0 0 0 0 0 0 0 0 0 0 0 0 
0 0 0 0 0 0 0 0 0 0 0 0 0 0 0 0 0 0 0 0 
171 12 248 251 236 210 229 35 227 3 246 6 40 227 237 38 83 41 84 147 
0 0 0 0 0 0 0 0 0 0 0 0 0 0 0 0 0 0 0 0 
0 0 0 0 0 0 0 0 0 0 0 0 0 0 0 0 0 0 0 0 
189 12 56 250 243 229 4 28 69 17 254 255 34 25 7 65 77 72 224 170 
0 0 0 0 0 0 0 0 0 0 0 0 0 0 0 0 0 0 0 0 
189 21 51 250 243 229 37 48 17 254 255 34 6 244 65 77 72 224 195 18 
0 0 0 0 0 0 0 0 0 0 0 0 0 0 0 0 0 0 0 0 
0 0 0 0 0 0 0 0 0 0 0 0 0 0 0 0 0 0 0 0 
244 83 246 250 235 224 249 153 98 19 8 23 21 234 219 126 21 18 13 44 
1 194 243 250 234 230 246 71 11 3 229 98 35 178 250 35 35 23 174 236 
0 0 0 0 0 0 0 0 0 0 0 0 0 0 0 0 0 0 0 0 
0 0 0 0 0 0 0 0 0 0 0 0 0 0 0 0 0 0 0 0 
0 0 0 0 0 0 0 0 0 0 0 0 0 0 0 0 0 0 0 0 
0 0 0 0 0 0 0 0 0 0 0 0 0 0 0 0 0 0 0 0 
0 0 0 0 0 0 0 0 0 0 0 0 0 0 0 0 0 0 0 0 
0 0 0 0 0 0 0 0 0 0 0 0 0 0 0 0 0 0 0 0 
0 0 0 0 0 0 0 0 0 0 0 0 0 0 0 0 0 0 0 0 
0 0 0 0 0 0 0 0 0 0 0 0 0 0 0 0 0 0 0 0 
170 3 27 250 254 226 236 132 237 60 95 215 6 131 254 22 65 248 117 165 
0 0 0 0 0 0 0 0 0 0 0 0 0 0 0 0 0 0 0 0 
0 0 0 0 0 0 0 0 0 0 0 0 0 0 0 0 0 0 0 0 
70 45 17 250 235 229 165 29 29 32 23 3 253 219 29 95 42 225 245 197 
0 0 0 0 0 0 0 0 0 0 0 0 0 0 0 0 0 0 0 0 
0 0 0 0 0 0 0 0 0 0 0 0 0 0 0 0 0 0 0 0 
0 0 0 0 0 0 0 0 0 0 0 0 0 0 0 0 0 0 0 0 
227 3 27 250 234 226 236 132 195 60 95 215 57 131 254 22 70 248 117 165 
0 0 0 0 0 0 0 0 0 0 0 0 0 0 0 0 0 0 0 0 
196 66 27 250 236 226 197 183 239 101 37 215 49 219 219 28 48 248 61 21 
0 0 0 0 0 0 0 0 0 0 0 0 0 0 0 0 0 0 0 0 
144 61 253 250 235 230 253 46 31 17 17 252 21 242 27 65 97 12 246 221 
0 0 0 0 0 0 0 0 0 0 0 0 0 0 0 0 0 0 0 0 
228 61 17 251 236 229 253 46 29 245 32 3 68 242 29 15 48 225 229 221 
0 0 0 0 0 0 0 0 0 0 0 0 0 0 0 0 0 0 0 0 
8 28 215 250 222 225 236 28 251 12 35 7 247 18 76 122 58 117 49 94 
82 30 196 250 237 230 4 51 2 17 46 243 5 31 240 65 45 71 227 24 
0 0 0 0 0 0 0 0 0 0 0 0 0 0 0 0 0 0 0 0 
0 0 0 0 0 0 0 0 0 0 0 0 0 0 0 0 0 0 0 0 
0 0 0 0 0 0 0 0 0 0 0 0 0 0 0 0 0 0 0 0 
144 240 253 250 235 230 253 51 31 45 17 252 21 219 27 115 97 12 246 121 
0 0 0 0 0 0 0 0 0 0 0 0 0 0 0 0 0 0 0 0 
82 61 253 250 234 230 4 46 31 17 26 252 5 242 27 65 191 12 227 221 
0 0 0 0 0 0 0 0 0 0 0 0 0 0 0 0 0 0 0 0 
0 0 0 0 0 0 0 0 0 0 0 0 0 0 0 0 0 0 0 0 
0 0 0 0 0 0 0 0 0 0 0 0 0 0 0 0 0 0 0 0 
82 67 31 250 234 218 4 194 29 17 182 169 5 66 73 65 70 177 49 13 
196 67 31 250 234 218 197 194 29 245 95 28 49 180 73 38 70 177 61 13 
0 0 0 0 0 0 0 0 0 0 0 0 0 0 0 0 0 0 0 0 
0 0 0 0 0 0 0 0 0 0 0 0 0 0 0 0 0 0 0 0 
144 61 242 250 233 229 253 46 76 45 32 3 21 242 29 115 4 240 246 188 
46 30 196 251 237 230 16 51 2 245 46 243 18 31 51 15 45 30 247 24 
190 61 253 251 234 230 23 46 31 245 26 252 24 242 27 15 191 12 22 221 
0 0 0 0 0 0 0 0 0 0 0 0 0 0 0 0 0 0 0 0 
0 0 0 0 0 0 0 0 0 0 0 0 0 0 0 0 0 0 0 0 
0 0 0 0 0 0 0 0 0 0 0 0 0 0 0 0 0 0 0 0 
0 0 0 0 0 0 0 0 0 0 0 0 0 0 0 0 0 0 0 0 
0 0 0 0 0 0 0 0 0 0 0 0 0 0 0 0 0 0 0 0 
0 0 0 0 0 0 0 0 0 0 0 0 0 0 0 0 0 0 0 0 
0 0 0 0 0 0 0 0 0 0 0 0 0 0 0 0 0 0 0 0 
202 63 17 251 233 221 254 19 239 249 201 19 24 50 29 48 22 224 213 18 
0 0 0 0 0 0 0 0 0 0 0 0 0 0 0 0 0 0 0 0 
18 30 202 251 233 230 23 51 246 245 17 243 32 31 51 15 22 30 22 24 
0 0 0 0 0 0 0 0 0 0 0 0 0 0 0 0 0 0 0 0 
0 0 0 0 0 0 0 0 0 0 0 0 0 0 0 0 0 0 0 0 
0 0 0 0 0 0 0 0 0 0 0 0 0 0 0 0 0 0 0 0 
190 30 128 251 235 230 23 51 253 245 17 243 24 31 75 15 97 30 22 24 
0 0 0 0 0 0 0 0 0 0 0 0 0 0 0 0 0 0 0 0 
160 63 6 251 233 214 248 19 246 241 216 153 32 50 244 41 22 207 213 18 
15 30 165 251 234 230 18 51 249 245 17 243 11 31 63 15 59 30 243 24 
0 0 0 0 0 0 0 0 0 0 0 0 0 0 0 0 0 0 0 0 
0 0 0 0 0 0 0 0 0 0 0 0 0 0 0 0 0 0 0 0 
13 30 128 250 235 229 14 51 253 18 17 3 245 31 75 72 97 225 209 120 
0 0 0 0 0 0 0 0 0 0 0 0 0 0 0 0 0 0 0 0 
0 0 0 0 0 0 0 0 0 0 0 0 0 0 0 0 0 0 0 0 
144 61 17 251 233 229 253 46 76 245 32 3 21 242 29 15 4 225 229 221 
0 0 0 0 0 0 0 0 0 0 0 0 0 0 0 0 0 0 0 0 
0 0 0 0 0 0 0 0 0 0 0 0 0 0 0 0 0 0 0 0 
160 46 211 251 233 247 253 122 38 245 31 228 32 67 122 74 17 233 229 250 
0 0 0 0 0 0 0 0 0 0 0 0 0 0 0 0 0 0 0 0 
95 97 17 250 233 216 188 252 66 32 207 57 15 29 60 240 82 229 98 138 
236 10 30 202 251 245 230 23 51 91 245 17 243 76 15 137 30 22 120 174 
80 24 17 251 238 235 253 144 35 245 32 228 14 48 247 74 36 252 229 32 
0 0 0 0 0 0 0 0 0 0 0 0 0 0 0 0 0 0 0 0 
0 0 0 0 0 0 0 0 0 0 0 0 0 0 0 0 0 0 0 0 
0 0 0 0 0 0 0 0 0 0 0 0 0 0 0 0 0 0 0 0 
160 200 14 251 235 214 253 51 239 245 17 87 32 227 255 74 97 5 229 120 
0 0 0 0 0 0 0 0 0 0 0 0 0 0 0 0 0 0 0 0 
190 30 202 251 235 230 23 51 14 245 17 243 24 31 51 15 97 30 22 120 
159 185 237 251 233 244 9 46 76 245 65 245 21 242 52 22 73 234 231 45 
10 31 61 251 235 230 5 46 91 245 15 252 76 242 26 15 137 12 29 221 
0 0 0 0 0 0 0 0 0 0 0 0 0 0 0 0 0 0 0 0 
0 0 0 0 0 0 0 0 0 0 0 0 0 0 0 0 0 0 0 0 
0 0 0 0 0 0 0 0 0 0 0 0 0 0 0 0 0 0 0 0 
0 0 0 0 0 0 0 0 0 0 0 0 0 0 0 0 0 0 0 0 
204 185 8 251 233 229 5 46 76 31 65 6 48 242 5 15 225 254 221 45 
0 0 0 0 0 0 0 0 0 0 0 0 0 0 0 0 0 0 0 0 
0 0 0 0 0 0 0 0 0 0 0 0 0 0 0 0 0 0 0 0 
0 0 0 0 0 0 0 0 0 0 0 0 0 0 0 0 0 0 0 0 
0 0 0 0 0 0 0 0 0 0 0 0 0 0 0 0 0 0 0 0 
132 58 211 250 233 5 5 87 76 242 65 253 36 100 100 30 4 215 224 67 
0 0 0 0 0 0 0 0 0 0 0 0 0 0 0 0 0 0 0 0 
144 58 211 251 233 5 5 87 76 245 65 253 21 100 100 39 4 215 225 67 
159 58 211 251 233 5 5 87 76 245 65 229 21 100 100 22 4 215 231 1 
132 19 211 250 234 5 5 87 76 242 236 253 36 41 100 30 21 215 224 145 
159 58 211 251 233 5 5 87 76 39 65 253 21 100 100 39 4 215 225 67 
121 58 211 250 233 5 5 87 76 239 65 229 52 100 100 22 4 215 223 1 
95 58 211 250 233 5 5 87 76 115 65 253 76 100 100 88 4 215 29 67 
11 19 211 250 233 5 5 87 76 242 236 253 75 41 100 30 227 215 224 145 
121 19 211 250 233 5 5 87 238 242 241 253 41 41 22 30 215 215 145 145 
95 19 211 250 233 5 5 87 29 115 241 253 76 41 61 88 215 215 29 145 
11 55 211 250 233 5 5 87 76 242 47 239 75 100 100 30 227 231 224 96 
159 19 211 250 233 5 5 87 23 23 241 253 21 41 22 30 4 215 145 145 
159 58 211 250 233 5 5 87 23 31 65 253 21 100 22 34 4 215 185 67 
159 38 211 251 233 5 5 87 76 39 23 253 21 70 100 39 12 215 225 106 
179 58 155 251 233 5 5 87 76 39 181 253 75 100 100 39 227 230 16 67 
165 55 211 251 233 5 5 87 76 47 239 206 100 100 63 227 56 179 96 8 
53 58 239 250 233 5 5 87 76 115 68 253 73 247 100 88 56 215 22 67 
66 19 211 250 233 5 5 87 76 242 241 253 58 41 100 30 215 116 184 145 
159 58 211 250 233 5 5 87 76 23 65 253 21 100 100 30 4 215 145 67 
121 55 183 250 233 5 5 250 242 59 36 55 100 36 30 246 155 145 72 16 
159 58 211 251 233 5 5 87 76 245 65 241 21 100 100 22 4 215 231 67 
159 58 25 251 233 5 5 87 76 245 44 229 21 100 100 22 8 215 37 1 
71 19 211 250 234 5 5 87 76 13 236 253 53 41 100 34 21 215 224 145 
159 19 211 250 233 5 5 236 76 242 23 21 41 100 55 12 215 225 145 70 
132 58 211 250 233 5 5 87 76 242 72 239 36 100 100 30 193 231 224 96 
11 58 211 251 233 5 5 87 76 39 65 253 75 100 100 39 4 215 225 67 
11 58 211 250 233 5 5 87 76 242 65 253 75 100 100 30 109 215 224 67 
121 55 239 250 233 5 5 87 29 242 72 237 41 21 61 30 239 243 145 192 
66 58 183 250 233 5 5 87 76 239 56 229 63 100 100 22 243 215 247 1 
11 19 211 250 233 5 5 87 76 242 241 253 75 41 22 30 4 215 145 145 
11 58 211 251 233 5 5 87 76 39 65 253 71 100 100 39 109 215 225 67 
11 58 211 250 233 5 30 87 76 47 65 253 75 100 100 43 4 215 234 67 
51 58 211 250 233 5 30 87 76 53 65 253 75 100 100 232 4 215 105 125 
11 58 13 250 233 57 30 35 231 47 72 225 75 100 244 43 249 240 20 1 
11 58 13 250 233 57 30 87 240 47 72 225 75 100 244 43 4 243 20 1 
11 55 211 253 233 5 5 87 76 84 182 221 75 21 100 225 16 16 192 246 
11 55 13 250 233 5 55 87 76 61 72 221 75 21 100 112 239 16 24 192 
11 58 168 254 233 5 5 87 76 53 72 229 75 100 43 36 68 215 16 1 
11 56 155 250 233 5 55 87 76 61 72 247 75 60 100 112 4 20 24 144 
11 58 155 253 233 5 55 87 76 84 72 229 75 100 100 174 36 24 24 96 
54 55 13 253 233 5 55 87 76 84 72 221 75 21 100 174 4 16 41 192 
11 58 155 253 233 5 55 87 76 84 72 221 75 100 100 9 251 24 24 96 
51 58 155 250 233 5 30 87 76 53 72 229 75 100 100 232 36 24 20 96 
54 11 13 253 233 5 55 87 76 84 72 101 75 60 100 174 20 16 41 144 
11 58 13 253 233 57 55 79 240 84 72 225 75 100 244 36 20 243 24 96 
177 58 211 254 233 5 7 87 76 53 21 229 31 100 83 36 14 215 56 1 
11 58 155 253 233 5 55 87 76 84 72 229 75 100 100 36 36 24 24 96 
11 58 155 250 233 17 39 87 76 53 72 229 75 100 100 232 4 24 53 96 
221 58 211 251 233 5 6 87 76 45 65 250 53 100 83 43 4 215 36 1 
221 58 13 251 233 5 6 87 76 45 68 229 53 100 100 43 4 215 36 1 
11 58 211 253 233 5 55 87 76 84 72 247 75 100 100 36 20 139 24 48 
11 56 13 253 233 5 55 83 76 84 72 244 11 60 100 197 12 16 24 144 
11 55 13 253 233 5 55 87 76 84 33 221 11 21 204 4 16 230 192 83 
11 58 211 253 233 5 55 87 76 84 65 229 75 100 100 36 4 215 24 1 
120 53 211 252 233 5 6 87 76 18 72 229 52 38 83 29 56 143 13 159 
66 19 155 251 234 5 30 87 76 34 236 229 63 41 100 29 21 24 251 145 
212 58 239 251 233 5 30 87 225 245 68 229 16 100 100 22 8 215 255 1 
95 58 13 251 233 5 6 87 76 45 68 229 76 100 100 43 4 215 36 1 
159 55 13 251 233 5 5 87 76 39 33 221 21 21 204 39 16 230 225 83 
71 19 183 250 233 5 116 87 76 242 26 253 55 41 100 229 67 215 247 145 
11 19 211 250 233 5 55 87 76 115 72 253 75 41 100 88 20 215 24 145 
178 58 239 251 233 5 17 87 225 245 65 229 18 100 100 30 4 215 240 67 
127 58 239 250 233 5 5 87 76 115 49 253 48 100 152 88 10 215 254 67 
107 38 211 250 233 5 55 87 76 115 68 253 75 70 240 88 5 132 24 106 
144 58 155 251 233 5 5 221 76 245 72 185 21 100 100 39 113 82 225 24 
66 58 211 251 233 5 30 87 76 34 65 229 63 100 100 29 4 215 251 1 
95 38 211 250 233 5 5 87 76 115 65 253 76 70 100 88 4 132 29 106 
159 38 211 251 233 5 5 64 76 245 68 3 111 70 42 22 5 173 231 106 
95 56 155 250 233 5 5 87 76 115 72 207 76 2 100 88 4 164 29 224 
95 58 211 251 233 5 5 87 76 245 65 253 75 100 100 39 40 215 35 67 
159 58 211 250 233 5 6 87 76 115 65 242 21 237 100 88 4 215 223 67 
127 58 211 251 233 5 5 87 76 39 65 253 48 100 11 39 4 215 254 67 
11 58 183 250 233 5 5 221 76 242 21 219 75 100 100 30 113 21 224 24 
59 55 23 250 233 25 30 87 76 178 47 253 75 100 129 59 227 132 251 96 
11 58 13 250 233 5 5 67 76 239 72 229 75 100 100 22 235 215 16 1 
121 58 211 250 233 69 5 221 120 239 65 185 52 100 100 22 127 113 223 16 
159 58 211 250 233 5 6 87 76 67 65 229 21 100 100 149 4 215 223 1 
159 56 155 250 233 5 5 87 76 67 72 207 21 2 100 22 4 164 223 224 
144 203 155 251 233 5 5 231 76 245 72 75 21 100 100 39 113 105 225 17 
121 55 211 251 233 5 5 56 238 30 241 221 41 40 22 44 215 16 145 211 
95 234 211 255 233 5 5 26 76 23 65 221 76 60 100 37 4 16 29 231 
11 58 211 251 233 5 5 87 76 39 65 253 75 100 100 39 4 215 225 67 
121 55 155 250 233 5 5 87 67 239 72 185 52 21 100 22 4 113 223 192 
121 58 211 255 233 69 5 221 76 23 65 185 52 100 100 37 127 113 223 16 
11 55 13 255 233 5 5 61 76 23 72 75 75 21 100 37 4 16 16 192 
101 55 155 251 234 5 5 56 76 30 81 221 36 40 100 44 252 16 17 211 
11 56 13 255 233 5 5 26 76 23 72 221 75 60 100 37 4 16 16 231 
11 55 155 251 233 5 5 56 76 30 81 221 75 40 100 44 4 16 17 211 
34 56 155 255 233 5 5 26 76 23 81 221 100 60 100 37 20 16 17 231 
34 58 155 255 233 5 5 221 67 23 103 185 100 100 100 37 36 113 17 16 
34 58 211 255 233 5 5 87 76 1 65 229 100 100 100 163 4 215 17 1 
34 55 13 255 233 5 5 87 76 23 72 221 100 21 100 37 4 16 17 192 
22 55 155 251 233 5 5 87 67 30 72 185 87 21 100 44 4 113 16 192 
11 56 13 255 233 5 5 102 76 86 72 221 75 60 100 37 4 16 16 231 
11 56 13 255 233 5 119 76 23 72 221 75 60 100 37 4 16 16 231 56 
34 58 211 255 233 5 5 87 76 23 65 253 100 100 100 37 4 215 17 67 
11 55 211 255 233 5 5 87 76 23 65 221 104 21 100 37 4 16 16 192 
95 155 237 250 233 5 5 221 76 115 100 33 76 174 71 88 36 5 239 216 
16 19 155 250 233 5 5 31 67 8 236 185 81 41 100 37 227 113 247 145 
144 56 13 255 233 5 5 102 76 86 72 221 21 60 100 37 4 16 16 231 
11 57 211 255 233 5 5 94 76 86 68 229 75 80 100 37 4 215 16 243 
121 58 155 250 233 5 5 221 76 242 103 201 41 238 100 30 36 16 145 228 
159 56 13 255 233 5 5 102 76 86 72 221 21 60 100 184 4 16 16 231 
11 57 211 255 233 5 5 9 86 68 253 75 80 100 37 4 215 31 21 139 
66 19 211 252 233 5 5 87 86 188 241 75 60 41 37 17 185 31 83 145 
10 81 232 251 235 5 25 87 76 121 63 132 103 70 100 34 69 42 108 123 
11 19 211 255 234 5 5 87 76 68 125 253 80 41 100 4 21 215 21 145 
11 19 211 252 233 5 5 87 76 188 241 75 75 41 37 17 227 31 83 145 
11 55 155 250 233 5 5 87 76 242 72 239 75 100 100 30 40 231 128 96 
95 50 232 250 233 5 25 87 29 118 230 76 55 100 61 215 35 108 134 64 
121 57 211 252 233 5 5 48 76 26 253 24 52 100 37 13 4 250 21 197 
121 81 232 250 235 5 5 87 76 242 63 132 41 70 100 30 69 42 145 123 
121 19 211 250 234 5 5 87 76 242 236 253 41 41 100 30 21 215 145 145 
95 57 211 255 233 5 5 9 29 68 241 75 76 100 61 4 215 31 29 139 
121 81 221 250 235 5 5 87 29 242 63 192 41 70 61 30 69 1 145 123 
121 19 221 250 233 5 5 87 29 242 241 192 41 41 61 30 215 1 145 145 
121 19 211 252 233 5 5 87 238 27 125 253 41 41 100 17 215 215 21 145 
11 35 189 250 233 5 5 221 76 242 100 33 55 174 100 30 167 5 224 202 
12 169 211 250 233 5 5 87 76 242 26 253 75 70 100 30 49 128 120 177 
66 58 237 250 233 5 13 87 76 239 82 229 63 100 100 22 20 215 2 1 
11 81 232 250 233 5 5 246 76 242 63 132 75 70 100 30 227 42 145 123 
121 169 211 250 233 5 5 87 76 242 26 253 41 70 100 30 49 128 145 177 
121 57 211 250 233 5 5 9 52 239 241 24 52 100 80 22 215 250 223 139 
66 19 100 250 233 5 5 87 63 242 241 132 58 41 100 30 215 42 145 145 
121 221 211 250 233 5 5 87 238 242 6 253 41 55 22 30 4 215 145 161 
66 19 237 250 233 5 13 87 76 242 82 253 63 41 100 30 20 215 2 145 
66 58 211 251 233 5 5 87 63 39 65 253 58 100 100 39 215 215 225 67 
121 58 211 251 233 5 5 87 238 39 6 253 41 100 22 39 4 215 145 67 
121 19 211 250 233 5 5 87 29 75 53 253 52 41 61 22 215 215 223 145 
121 58 211 251 233 5 5 87 76 245 26 253 41 100 100 39 49 215 145 67 
121 19 211 250 233 5 5 87 76 242 236 253 41 41 252 30 49 215 224 145 
66 58 211 250 233 5 5 87 63 115 65 253 58 100 100 88 215 215 29 67 
140 58 211 250 233 5 5 87 238 13 65 253 31 100 22 34 4 215 185 67 
66 58 211 250 233 5 5 87 76 169 65 229 58 100 100 30 4 69 145 1 
121 155 244 250 233 124 5 221 76 239 12 132 52 117 23 22 36 236 223 202 
11 58 211 251 233 5 5 87 76 245 26 253 75 100 100 39 227 215 145 67 
66 19 211 250 233 5 5 87 63 242 65 253 58 41 100 30 215 215 29 145 
38 55 211 250 233 5 5 87 69 242 56 239 66 100 100 30 221 231 254 96 
112 58 211 250 233 5 5 87 63 13 65 253 39 100 100 34 4 215 254 67 
11 58 211 251 233 5 5 87 76 245 45 253 75 100 100 39 243 215 145 67 
140 58 211 250 233 5 5 87 76 243 65 253 31 100 252 26 4 215 227 1 
238 38 211 250 233 5 5 87 76 178 65 253 76 70 100 59 4 215 29 29 
31 58 211 250 233 5 5 87 76 178 65 229 76 100 100 59 4 215 29 195 
76 58 211 250 233 5 5 87 76 208 65 229 64 100 100 40 4 215 253 1 
109 38 211 250 234 5 5 87 76 225 65 241 36 70 100 35 21 103 253 200 
121 58 211 250 233 5 5 87 76 242 65 229 41 100 100 30 4 215 145 195 
193 58 5 250 233 5 67 87 76 242 248 253 75 100 100 30 4 31 224 67 
112 58 211 250 233 5 5 87 63 115 65 253 39 100 100 88 4 215 254 67 
121 38 211 250 234 5 5 87 76 239 65 235 52 70 100 22 21 159 223 200 
193 58 211 250 233 5 67 87 76 242 45 253 75 47 100 30 243 215 224 67 
11 155 227 250 233 5 5 221 76 242 100 192 75 169 100 30 36 1 224 202 
11 58 221 250 233 5 5 221 76 242 28 227 235 100 82 30 221 214 224 173 
159 19 211 251 234 5 5 87 76 39 236 253 21 41 100 39 21 215 225 145 
159 19 211 250 234 5 5 87 76 239 236 253 22 41 100 22 21 215 223 145 
127 58 211 250 233 5 5 87 76 77 65 253 1 100 100 63 4 215 254 67 
159 58 211 250 233 5 5 87 76 239 65 253 22 100 100 22 4 215 223 34 
159 58 211 250 233 5 5 87 76 239 65 229 22 100 100 22 4 215 223 1 
159 58 227 250 233 5 25 87 76 11 33 241 22 100 100 30 4 215 1 34 
95 58 211 250 233 5 5 87 76 115 65 253 236 65 100 88 4 215 29 67 
13 19 211 250 233 5 5 87 76 242 236 253 81 41 100 30 36 215 224 145 
95 58 61 250 233 5 5 187 76 115 58 253 76 100 100 88 4 215 29 231 
13 19 211 250 233 5 5 87 76 242 236 253 81 41 100 30 28 215 224 145 
96 58 227 250 233 5 25 87 76 239 82 229 69 100 100 22 20 215 1 1 
11 19 211 251 234 5 5 87 76 245 236 253 75 41 100 22 238 215 231 145 
159 34 211 250 233 5 5 8 76 115 52 239 21 100 100 88 4 231 29 57 
11 58 211 250 233 5 5 87 35 239 65 229 75 100 100 22 113 215 223 1 
11 58 211 251 233 5 5 87 76 245 65 229 75 100 100 22 227 215 231 1 
11 205 211 250 233 20 5 221 76 11 65 17 75 100 100 30 4 232 224 16 
11 205 211 250 233 12 5 221 76 242 65 7 75 100 100 30 4 223 224 16 
95 34 211 250 233 5 5 8 76 115 52 239 76 100 100 88 4 231 29 57 
159 34 211 251 233 5 5 77 76 245 52 239 21 100 100 22 4 231 231 90 
11 128 234 250 233 5 5 207 76 115 9 47 75 132 76 88 227 4 76 11 
132 19 225 250 233 37 5 87 29 242 253 31 41 61 30 179 215 145 172 252 
144 19 211 250 233 5 5 87 76 242 236 253 21 41 91 30 11 215 224 145 
100 58 227 251 233 5 25 87 76 245 53 229 51 100 100 22 20 215 5 1 
121 13 211 251 233 35 5 221 76 245 65 36 52 100 100 39 4 250 223 16 
144 19 211 250 233 5 5 87 76 242 236 253 21 41 100 30 143 215 224 145 
160 128 234 250 235 5 5 207 75 115 9 47 191 132 76 88 69 4 76 11 
144 13 183 251 233 5 5 221 76 245 57 36 21 100 100 39 36 250 225 16 
159 13 33 251 233 5 5 67 76 245 57 252 21 100 100 22 36 250 231 84 
144 19 211 250 233 5 5 87 76 242 236 253 21 41 91 30 11 215 224 145 
144 19 239 250 233 5 5 87 76 242 72 253 21 41 100 30 143 17 225 145 
11 58 155 250 233 5 25 87 76 239 57 229 100 100 100 22 36 215 81 1 
144 58 225 251 233 5 87 221 76 245 72 27 21 19 100 39 143 232 225 16 
144 58 13 252 233 5 5 26 76 238 72 56 21 59 100 31 4 250 16 41 
116 13 155 251 233 5 5 221 76 48 57 75 42 100 100 218 36 31 225 16 
95 128 176 250 182 5 5 207 52 115 71 47 76 132 57 88 59 4 29 11 
11 56 155 254 233 11 5 26 76 231 65 221 150 20 100 23 4 16 16 33 
144 58 9 254 233 5 5 221 76 231 153 115 21 19 49 5 29 31 16 16 
144 58 239 251 233 5 5 221 76 245 72 56 21 19 100 39 143 250 225 16 
212 58 211 251 233 5 5 87 76 31 65 75 48 100 100 3 4 16 251 1 
11 56 211 251 233 5 26 87 76 72 65 229 75 100 100 239 4 17 16 51 
11 58 13 254 233 5 5 221 76 231 72 115 75 19 100 23 4 31 16 16 
11 55 155 251 233 5 5 87 151 7 65 115 75 21 100 37 4 31 16 192 
11 58 13 254 233 5 5 221 76 231 153 115 75 19 49 5 4 31 16 16 
11 58 155 254 233 5 5 221 151 231 75 115 75 100 100 23 36 31 16 16 
11 58 13 254 233 5 5 221 76 231 72 115 75 19 100 23 143 31 16 16 
11 55 13 251 233 5 69 87 76 72 115 75 21 100 37 239 31 16 201 78 
11 55 211 251 233 5 5 87 76 72 65 75 75 100 100 239 4 16 16 78 
11 56 211 254 233 5 5 26 76 231 70 11 75 60 100 23 20 16 16 231 
11 58 211 254 233 30 5 26 238 231 109 229 75 59 100 5 4 16 8 5 
144 58 155 254 234 5 5 221 21 231 75 115 21 100 100 23 16 51 16 16 
11 19 155 250 233 5 5 87 151 242 75 253 75 41 100 30 74 215 16 145 
11 19 155 254 234 5 5 76 231 236 221 75 41 100 133 21 16 16 145 193 
132 58 155 250 233 5 5 221 151 242 75 115 36 100 100 30 36 76 224 16 
11 47 211 250 233 5 5 87 151 254 45 253 75 41 22 30 36 215 145 145 
121 55 211 250 233 5 5 87 76 242 65 75 41 100 100 30 4 16 145 78 
95 155 15 250 233 5 5 221 76 115 12 132 76 117 100 88 36 50 29 202 
205 58 211 251 233 5 5 87 76 31 65 75 48 100 100 11 4 16 248 67 
159 56 211 254 233 5 5 26 76 231 65 11 21 60 100 23 4 16 231 231 
11 38 53 254 233 5 5 56 76 231 172 253 75 50 100 5 243 215 8 202 
53 19 183 250 233 5 5 87 2 115 231 253 58 41 97 88 243 87 145 217 
159 38 155 252 233 5 5 81 76 10 221 33 21 100 45 30 4 243 145 130 
132 38 4 250 233 5 5 56 76 242 172 253 36 50 100 30 243 215 224 202 
132 28 211 250 233 5 5 71 76 242 204 253 36 1 100 30 4 215 224 173 
11 19 211 250 233 5 5 87 76 242 236 253 75 41 100 30 243 215 224 145 
132 11 155 250 233 4 5 69 76 242 72 69 36 87 8 30 36 82 224 24 
11 19 211 250 233 5 5 87 76 242 236 253 75 41 100 30 243 215 224 145 
95 56 211 250 233 5 5 26 76 115 65 4 76 60 100 88 4 243 29 231 
159 155 6 251 233 5 5 160 76 39 81 209 21 123 70 39 36 5 225 202 
132 58 211 250 233 5 5 29 233 115 65 253 36 100 100 88 36 53 29 197 
138 58 235 251 233 5 5 87 76 245 118 253 49 100 100 39 1 41 19 67 
66 19 211 250 233 5 5 87 76 242 241 253 58 41 100 30 215 215 184 145 
11 58 155 251 233 5 85 87 76 39 149 63 75 100 100 39 74 215 234 67 
116 58 235 250 233 5 5 87 76 52 65 253 62 100 100 63 4 41 24 67 
11 19 211 250 233 5 5 87 76 242 241 253 75 41 100 30 227 215 184 101 
159 26 155 251 233 5 5 221 76 39 81 130 21 100 100 39 17 31 225 146 
66 58 183 250 233 5 87 73 239 122 229 63 100 88 127 9 215 247 1 167 
159 19 211 251 233 5 5 87 76 39 236 253 21 41 100 39 227 215 225 145 
144 58 211 251 233 5 5 29 233 245 65 253 21 100 100 39 36 53 225 197 
95 58 4 250 233 5 25 87 76 239 77 229 113 100 83 22 20 215 214 1 
108 19 4 250 233 5 15 87 76 240 241 229 77 41 83 26 215 215 179 145 
66 38 211 250 233 5 5 87 76 242 25 253 58 70 100 30 237 215 184 106 
66 58 211 251 233 5 5 87 76 245 25 229 58 100 100 22 237 215 184 1 
95 58 155 250 233 5 5 221 71 115 72 146 76 100 77 88 15 113 29 16 
11 58 211 250 233 5 5 87 76 242 65 229 75 100 100 30 4 215 184 1 
64 58 183 250 233 5 5 87 74 115 157 253 88 100 72 88 9 215 26 67 
34 58 211 251 233 5 5 87 73 39 65 253 100 100 65 39 15 215 225 67 
144 58 211 250 233 5 5 87 233 115 65 253 21 100 100 88 36 215 29 67 
2 19 155 250 233 5 31 87 24 242 72 253 69 41 61 30 25 179 60 145 
9 58 27 251 236 5 5 87 29 39 52 253 231 100 89 39 240 215 43 67 
13 58 207 251 234 5 5 87 76 39 58 229 231 100 100 39 249 223 43 34 
159 58 155 251 233 5 5 87 76 39 72 185 21 100 54 39 36 113 225 96 
159 58 211 251 233 5 5 87 76 245 65 229 21 100 100 22 4 215 231 1 
175 58 211 250 233 5 5 87 76 115 65 253 75 100 100 88 36 215 29 67 
121 58 211 251 233 5 5 87 76 39 65 253 52 100 65 39 4 215 225 67 
121 58 211 251 233 5 5 87 76 39 65 253 52 100 100 39 4 215 223 67 
11 38 211 250 233 5 5 87 76 243 65 241 75 70 100 26 227 215 231 200 
121 58 211 250 233 5 5 87 76 115 65 253 52 100 100 88 4 215 29 67 
144 58 211 251 233 5 5 87 76 245 65 241 21 100 100 30 4 215 231 34 
139 58 211 251 233 5 5 87 32 245 65 229 26 100 5 22 43 215 231 1 
